$ANSIBLE_VAULT;1.1;AES256
66333039393533663639656534316639353833666333323262303564323162396465616532623738
6632393935656663316434313835306264363330643631360a633764303935613834323164316232
38353165646164306665353735646330363736323332376334303239336235353033303032613035
3964633639353866660a303232643566313837306461373636626338336638353832383334386634
62363635336562323631363836393461303032353963356461633232313731373830316534663538
32326136643639393833656336653735663931336331306663623434623036323235646562353934
30643333366166383061666461323064313930623464646138386538373434333439306532613364
63633862623661313366633634343234636130383664636233316566366666323939343933306335
31316165363834333063616633653662346264633137393062623434376566396431323566646234
64636133653535376466366566653865363738656538366165323630386232383231303635626163
65346633313032633534663030666264313662623864663330313863333134656663323564663663
30663932613438303261646430613566363636376336636132643463626231346330383238333962
30373064646333633133656266333463623765643062656539343338633361303634373130633966
33633235356630396139313663333437306161313935313330366361333739623536643461356135
34363038333239343534383633613264363432363738636366396333633733376261366537343361
32613733666136646637626332613961373432653130653931636638613932616133653161663737
39653463386635663831653966326666383232663638656535663538646463653532663932323637
66336236386431633437326163633165616237373765353232313330653134343861616130653366
30373135356263636430626539613139643662303235306361353666306635323337333134383436
63383038396463336231626438613332363637613730633535336135663465663339373464633438
66646632373432333235623130343062393233343931336636323365656634346538613334313832
39383366626562323530313838653433626632653961323964356562653964346138623462663737
34373031626638613635313039333932656334643033653133313961326437336637373535373732
36626234306237316662646330653463653130336332336133626230306564626331306461636362
39313839613930633238376365373132363631636333643632643966383432306530633935366236
37373565623133326231663436646233623936326439366430626462336261653834353737306461
39366537383537613931626263653861656263346334336238623863613565376161303239343365
34366365613766646237343433643234323639306366643766646564323936663561356438646439
37343536323738336634356265626364383764353332336138343565333431336665653061336232
32366639313466366362333164316239613034306333396162616331653637643331306164366464
63393362326538326165643230323432373661393462356336626635633263666461656161356461
35306634333863356563396634316538623939336534623333353465363537306436333661306334
30343865393362383339346363326562646131626535663239333537616139613039303664643661
31333033303634383431643163363932663436623635666437376338323034313362643065636565
63393239666331626530383233663737303033376362626338336339613734363736383531323938
32393635613238313830363130653630323937346133346464346262623737616133336239303839
34323633343363613634633062666539386436313235633935333131643139303166626434376134
32363339396639306461633531643062656232636139643936663537303233363361303564653331
61323862626533383064386333643564376233383538343935636462616461366531343862333565
30656161373863316539616431626331316264326233353130633664383731636532323536376366
38343336643134653034626466326332386239323431346135353333386534653461626638396430
30323038663738363533373965613539323263623161386466343161316133613338333764316238
34343762343633373038636434666530353466333764343865316432306438646431623637313566
63393834643862373835663063386562323235396331343762376134643030646133353637346532
34633161613562373539663632323564333562633139363338643833656363336234383266316530
31666338643661643335353362376235303630383365363538303936356230663934303738323162
34653930316533393734643737303237623464333938633131353565306630343536623761613461
39636434306234313835623238616330313638656534616637303564373438616130343930643337
30323464633837633538326132323865313833633336333937323534343965623531
